"country"	"year"	"schizophrenia"	"depression"	"anxiety"	"bipolar"	"ed"	"gini"	"pop"
"Albania"	1996	888557.98403592	7609391.6028702	11682303.8493975	1716779.258931	313351.50628419	0.27010342	3168033
"Albania"	2002	860029.072234	7510134.949442	11328932.836346	1655420.4839514	322611.8447536	0.3173898	3051010
"Albania"	2005	849980.31037635	7445881.1293884	11202014.3037966	1633967.61739158	339027.81589827	0.30595654	3011487
"Albania"	2008	837188.55004704	7234032.4894488	11022506.368272	1598799.5103429	350803.37096778	0.2998467	2947314
"Albania"	2012	829509.1752381	7079031.923908	10968313.3332941	1572863.0989316	366226.06422339	0.28960484	2900401
"Albania"	2014	828454.0389248	7055890.2644368	11011422.0663792	1566620.977656	374668.91634672	0.34598896	2889104
"Albania"	2015	826705.35683526	7035350.2343614	10999069.6591482	1561922.75516382	377983.34936957	0.32753733	2880703
"Albania"	2016	825830.81372954	7022302.582105	10972866.5972082	1559266.652746	382086.5665288	0.33736297	2876101
"Albania"	2017	825392.07528642	7021527.2282826	10951777.9221372	1557707.76358938	385165.76220648	0.33055663	2873457
"Albania"	2018	823675.2146952	7020977.9066392	10947227.1028624	1553739.4620696	388338.28297808	0.30148283	2866376
"Albania"	2019	820581.6250146	7021889.8316112	10953064.4238243	1546996.0680426	390020.6334444	0.30115768	2854191
"Algeria"	1995	7088737.27547076	119409286.020726	131867611.869901	21538818.2615677	5295179.2043613	0.35330054	28478022
"Algeria"	2011	9075605.58281427	148040501.108536	170661296.496821	27640429.7011556	7362845.62881445	0.27615732	36543541
"Angola"	2000	3466680.64531086	96827592.62812	65202355.1855908	9078964.3199458	1676676.78843204	0.5194472	16394062
"Angola"	2008	4668415.52606568	125323258.583397	86402379.7431694	12014561.8092825	2522736.48122515	0.42715514	21691522
"Angola"	2018	6879635.28967311	179924785.2317	123677828.746909	17322400.5466401	4263598.9377225	0.51263994	31273533
"Armenia"	1999	879000.7076124	9057501.868571	10076063.370425	1737503.149455	285886.4720847	0.36219725	3206030
"Armenia"	2001	859593.837348	8910478.2950495	9865624.856065	1698172.09110451	281251.091532558	0.3536436	3133133
"Armenia"	2002	854118.86008462	8863496.4095054	9789378.0774244	1682978.1820735	284195.18725455	0.34779674	3105037
"Armenia"	2003	851155.4045232	8837173.534392	9736493.3598492	1671668.7136254	290306.22827031	0.33028087	3084102
"Armenia"	2004	848751.28864785	8813492.632605	9688572.4473405	1661730.9741165	298521.8302383	0.37505633	3065745
"Armenia"	2005	845470.2869594	8785099.6029702	9633597.9382798	1651693.4166995	304950.46187352	0.35992354	3047246
"Armenia"	2006	841050.9259691	8738351.842398	9564545.2946202	1640410.9480181	310895.65329056	0.29709986	3026486
"Armenia"	2007	836399.12627565	8678505.8435222	9487126.8027788	1628386.7143467	317331.006922048	0.31226057	3004393
"Armenia"	2008	832010.39213537	8628757.619356	9412201.5872192	1616979.12680325	324651.290685344	0.2918814	2983421
"Armenia"	2009	827917.29026328	8574919.2324048	9343675.0141712	1606555.82739296	330857.34874544	0.2801588	2964296
"Armenia"	2010	823746.28165648	8533097.980995	9281061.599733	1596718.33000778	335551.45360541	0.29992583	2946293
"Armenia"	2011	819585.09775792	8507645.744936	9224974.5204512	1587223.810304	339304.20787472	0.29352945	2928976
"Armenia"	2012	816288.2287639	8505042.0162073	9180612.672944	1579204.9571969	342689.10399874	0.29602262	2914421
"Armenia"	2013	813443.6720292	8514320.280835	9142602.436491	1572008.83635125	345654.340443175	0.30579662	2901385
"Armenia"	2014	811013.0202102	8518547.536401	9108787.70658	1565661.3080892	348127.97588025	0.3148329	2889930
"Armenia"	2015	808526.4644911	8504087.551593	9072283.63142	1559362.546012	351079.4912495	0.32356772	2878595
"Armenia"	2016	806408.1972947	8471325.150785	9026721.9677005	1552276.661915	353057.502879725	0.32547948	2865835
"Armenia"	2017	803972.95039188	8427695.4123006	8977745.230926	1544565.07774329	354243.97229136	0.3362184	2851923
"Armenia"	2018	800578.35962415	8410811.8827474	8930605.5635391	1536070.7842605	355222.14657228	0.344335	2836557
"Armenia"	2019	797159.15777244	8415693.6702632	8886581.8917552	1527257.26193	355402.36759062	0.30031213	2820602
"Australia"	1995	6992387.13654684	81304609.637636	96805689.5349992	20100887.9292424	13248908.6240938	0.3257863	18004882
"Australia"	2001	7487850.30050575	88383370.44746	100525121.397792	21541866.5029539	15771524.09325	0.33462042	19274701
"Australia"	2003	7663452.7612419	93276613.0295802	106885098.887579	22129141.8664935	17608061.7418627	0.3349686	19720737
"Australia"	2004	7746794.6004062	95494342.337426	109899351.771469	22408035.1892148	18496362.0795912	0.3305577	19932722
"Australia"	2008	8256446.81879068	101026994.108049	118890621.978976	23906880.9422479	20795519.2517024	0.3542851	21249199
"Australia"	2010	8559207.531485	103338374.542975	123711052.2505	24786758.6486	21872308.428425	0.34656727	22031750
"Australia"	2014	9121939.79680048	107163924.26454	130169744.40925	26410480.1047412	23765570.8134338	0.34398198	23475686
"Australia"	2016	9398790.28535525	107412334.630502	137343632.58343	27215254.19314	24687456.8143541	0.33685225	24190907
"Australia"	2018	9698669.33009466	108847009.276259	145304926.441039	28084688.743578	25672531.5605766	0.34332561	24963258
"Austria"	1994	2184040.78367388	28353679.0808138	46050753.19624	7155632.539172	3503216.91910836	0.3082802	7936118
"Austria"	1995	2186779.9200975	28246983.796161	46154184.6835368	7166351.0500218	3556458.02437614	0.29914328	7948278
"Austria"	1996	2189664.30236631	28088092.0799402	46179150.2266941	7176145.32509138	3610534.99827394	0.29317808	7959017
"Austria"	1997	2192513.2528994	27831256.4680846	46138766.113598	7184530.54056317	3665325.1545353	0.29065368	7968041
"Austria"	1998	2195471.73797828	27524553.3736934	46077660.8174997	7192755.1952634	3720644.0050682	0.31340772	7976789
"Austria"	1999	2200242.20003208	27242387.0251236	46070739.0705492	7206984.6568092	3779746.33026744	0.2967054	7992324
"Austria"	2000	2205707.25756942	27023129.8880202	46137705.6905118	7224466.4937036	3834221.7233628	0.28964692	8011566
"Austria"	2003	2236824.2505021	26606531.3553429	47028770.4582111	7324082.8055598	4065539.6859735	0.29465577	8121423
"Austria"	2004	2251149.4523452	26517576.9430836	47444012.4252776	7369648.0984962	4149064.0399472	0.29788825	8171966
"Austria"	2005	2266735.04780177	26475480.1815814	47857039.8471505	7419881.6984699	4231529.17631946	0.28715184	8227829
"Austria"	2006	2278229.87985932	26369404.7715337	48209252.964452	7456736.19455156	4312737.1011775	0.29587558	8268641
"Austria"	2007	2286132.77247711	26185014.1371651	48551291.2546885	7481164.16865928	4400319.17906432	0.30579385	8295487
"Austria"	2008	2293864.72597368	26018277.3173616	48910621.2769056	7504938.96955992	4480327.1484588	0.30437064	8321496
"Austria"	2009	2300287.524392	25893434.5152514	49216870.240819	7524849.43805871	4555143.9863844	0.31494802	8343323
"Austria"	2010	2305823.936416	25860261.5508748	49435420.335084	7543078.6823196	4611369.3714788	0.3025161	8363404
"Austria"	2011	2312778.18159999	25951747.5883315	49672988.07562	7568431.80075801	4657590.53727175	0.30801	8391643
"Austria"	2012	2321787.44682072	26126348.6560713	50005905.762855	7602406.1385435	4705773.5590371	0.30475533	8429991
"Austria"	2013	2333853.3492989	26356694.9906711	50416054.9897928	7646148.36615498	4757452.56612538	0.30752888	8479823
"Austria"	2014	2351012.28608064	26616929.233986	50907560.0213908	7704155.34798	4810661.7473824	0.3053535	8546356
"Austria"	2015	2377475.1258752	26940727.471034	51536656.132572	7788413.1458848	4864074.6978642	0.30530685	8642699
"Austria"	2016	2410777.20935044	27234000.8989424	52273878.491032	7870980.92308448	4890903.8177512	0.3079501	8736668
"Austria"	2017	2435687.78851248	27427919.0280558	52818310.3336758	7924519.3035882	4901356.80219636	0.2973688	8797566
"Austria"	2018	2448563.87525134	27586271.146635	53109474.110105	7961836.59913557	4936147.77687685	0.30847305	8840521
"Austria"	2019	2457477.3675648	27751534.86392	53336656.957248	7995789.433212	4992553.869632	0.3021043	8879920
"Azerbaijan"	1995	2106242.016723	20637106.75489	19499596.79486	4019156.56939	833413.682862	0.3464838	7684850
"Azerbaijan"	2001	2192024.384144	21772683.2688	20656350.16848	4240574.780432	764617.0628288	0.36454937	8111200
"Azerbaijan"	2002	2212364.23887	21984700.443215	20820319.33027	4271975.6915965	779187.423989	0.25277665	8171950
"Azerbaijan"	2003	2234622.179853	22216244.0598	20989204.24167	4304082.970404	797085.417618	0.2683288	8234100
"Azerbaijan"	2004	2260235.53086	22469333.3563	21180323.21045	4341594.07295	822976.870625	0.26621592	8306500
"Azerbaijan"	2005	2288996.8391995	22720740.86245	21394155.53608	4385922.358295	850794.49508625	0.26554906	8391850
"Bangladesh"	1991	30668532.7993665	517627068.227544	332532543.019417	42666620.8210262	9201372.06028074	0.27570805	109242834
"Bangladesh"	1995	33085762.1511721	550079104.152708	347908136.511218	46009792.762922	10104364.3627087	0.32942984	117793338
"Bangladesh"	2000	36131390.5316286	594332325.577891	383151324.185769	50449964.4790348	11309946.8788289	0.33406532	129193327
"Bangladesh"	2005	39223249.1140217	645211328.019986	466589514.365338	54982965.31728	12792841.0763335	0.33201292	140912590
"Bangladesh"	2010	41189898.9302791	677723996.919294	466012622.731668	57843415.0294143	14569613.3329052	0.32130313	148391139
"Bangladesh"	2016	44141025.3839942	735594223.7803	504725304.349818	62225591.3898824	17540567.4602896	0.32385272	159784568
"Belarus"	1998	2719412.8876629	40878688.4575245	35507263.2513984	5249708.25270111	1009429.2541971	0.3201835	10071963
"Belarus"	1999	2706393.0567888	40903271.5212648	35334328.9900752	5226048.84693726	994520.80866375	0.31738147	10026738
"Belarus"	2000	2693484.1646914	40835103.105096	35156421.594172	5201385.2065125	990522.7974826	0.31167483	9979610
"Belarus"	2001	2680587.1017022	40673398.0831645	34959820.954409	5174715.35818597	991806.197011875	0.30576724	9928549
"Belarus"	2002	2665522.39579164	40476976.0790472	34712818.53732	5141845.97573724	995734.98838044	0.30336243	9865548
"Belarus"	2003	2649466.1085066	40203007.042041	34444421.1586968	5106034.62107316	1008036.488355	0.28821012	9796749
"Belarus"	2004	2634129.26498202	39935584.17999	34186235.51151	5071361.3388387	1021824.12598272	0.26479885	9730146
"Belarus"	2005	2618573.35397745	39610645.1811255	33938845.1480505	5036878.884792	1033616.55325884	0.2755341	9663915
"Belarus"	2006	2605988.96193048	39169975.033336	33719145.1251172	5006193.4837026	1047802.73436754	0.28275442	9604924
"Belarus"	2007	2599423.10556324	38640189.989474	33542165.557485	4983180.65479125	1066948.14419649	0.2961238	9560953
"Belarus"	2008	2596696.6244751	38083641.88455	33402846.7967715	4965920.51530275	1089738.03521475	0.27826044	9527985
"Belarus"	2009	2596374.25663891	37624278.6420281	33300570.650039	4953662.91396691	1112315.74078603	0.27689305	9504583
"Belarus"	2010	2595538.51260064	37316049.5092	33215047.2493128	4942771.420726	1132777.3491562	0.285666	9483836
"Belarus"	2011	2595118.6264254	37115423.537175	33125730.6410364	4931170.8443607	1152552.44338902	0.2715255	9461643
"Belarus"	2012	2599171.94375972	36970955.0456652	33051099.0860792	4923249.7559588	1174119.18933708	0.26526198	9446836
"Belarus"	2013	2607005.86389567	36869119.264089	33011682.7777632	4921068.7800264	1198765.11527115	0.26575053	9443211
"Belarus"	2014	2616281.5204305	36821323.0976805	33004138.1553045	4923514.0203399	1222774.2775566	0.27176666	9448515
"Belarus"	2015	2624832.6739524	36830411.5748904	33026118.591936	4929706.4222526	1239111.63629592	0.25633225	9461076
"Belarus"	2016	2629885.36603838	36886938.4668785	33011402.8827348	4933675.2425544	1248819.8086442	0.25306615	9469379
"Belarus"	2017	2628119.74530018	36836903.2572134	32930251.8857168	4927847.6075322	1257686.66295734	0.2544457	9458989
"Belarus"	2018	2621179.6659578	36533581.884085	32855847.0895355	4916938.3414706	1259813.3227443	0.25240526	9438785
"Belarus"	2019	2612325.9095678	36026231.841562	32810895.4137452	4906652.0927652	1263961.0259802	0.25277847	9419758
"Belgium"	1992	2759879.5363155	32946521.059878	50148100.748028	9014128.60816848	3725953.0189074	0.2494629	10045158
"Belgium"	1995	2785607.42150076	33090980.890407	50552716.3945974	9097197.30189114	3854416.14897072	0.28410766	10136811
"Belgium"	1997	2794700.6426501	33131256.6736455	50491400.35372	9138038.5956927	3907799.4612583	0.2683214	10181245
"Belgium"	2000	2808307.38475	33426322.63375	50365276.958	9201953.987675	3991810.09675	0.33135915	10251250
"Belgium"	2003	2843061.4796133	34424398.399716	51085980.8386359	9332294.64276798	4149399.39993252	0.28143317	10376133
"Belgium"	2004	2855762.21784309	34805709.6991276	51354492.9710605	9379643.3576515	4211089.54727166	0.30541426	10421137
"Belgium"	2005	2871605.88945012	35257300.9773151	51672900.132207	9434320.75422042	4266516.6600497	0.29336902	10478617
"Belgium"	2006	2890417.9032954	35973230.62131	52109950.331904	9496913.47578312	4322618.79669876	0.28054035	10547958
"Belgium"	2007	2911464.432741	36992871.95439	52691634.9702	9567045.57045	4384059.68814	0.29237667	10625700
"Belgium"	2008	2934234.00795276	38113139.6642124	53355478.99005	9643153.6604673	4440557.2242897	0.28373718	10709973
"Belgium"	2009	2957633.3987427	39090227.3713116	54025385.3782722	9721216.279665	4507964.4482721	0.28551185	10796493
"Belgium"	2010	2984543.9769678	39745222.5976494	54696371.2454796	9810472.799088	4563140.82168282	0.28374815	10895586
"Belgium"	2011	3023392.6516904	40170834.4803872	55575032.133168	9938975.09918248	4644968.60384512	0.2806043	11038264
"Belgium"	2012	3041959.3166542	40187687.8084096	56133696.8277152	10000842.623314	4702901.5902128	0.27490476	11106932
"Belgium"	2013	3056153.81256822	40082483.0479584	56619924.0924765	10048183.9393093	4748955.9531141	0.27668843	11159407
"Belgium"	2014	3069758.86760655	39986556.6300795	57059312.341505	10092886.0056768	4802086.12069125	0.28134006	11209057
"Belgium"	2015	3087936.44309536	40038509.9871576	57503518.084984	10151364.997772	4843546.803246	0.27729303	11274196
"Belgium"	2016	3108695.7391749	40162170.8921914	57767000.122056	10202623.7006237	4895413.85026108	0.2758073	11331422
"Belgium"	2017	3125710.73336252	40260631.341826	57883067.0659948	10241745.9020001	4944875.25515666	0.27387637	11375158
"Belgium"	2018	3138414.89876958	40442526.673314	57970773.9083802	10288222.371306	4980185.86801302	0.2721419	11427054
"Belgium"	2019	3149911.4728686	40694222.215356	57987639.4152	10343686.5525852	5018603.605722	0.27219546	11488980
"Belize"	1993	51941.48729589	619829.7803105	785080.6209745	175849.1766656	33478.23909638	0.6022769	194177
"Belize"	1994	53154.31304448	633711.040808	801737.745456	179705.7779528	34663.90417872	0.60867983	198416
"Belize"	1996	56301.992036	673288.385232	848044.64808	190098.4332624	37212.1253864	0.5654803	209840
"Belize"	1997	58284.8198213	700307.843862	877963.829112	196718.11313869	38650.89260141	0.6035009	217117
"Belize"	1998	60403.83075936	730407.298479	910146.1806876	203807.2823229	40225.01053725	0.54866445	224907
"Belize"	1999	62532.1221113	760289.2552375	942544.0501219	210933.00927451	41817.90297804	0.5323102	232733
"Benin"	2003	1623108.18638344	33963532.40272	24237680.9018824	4179795.2444928	703517.0198596	0.3857762	7659208
"Benin"	2011	2062339.1109194	43139315.9502	30823704.536902	5307140.88872	915943.1255076	0.43439555	9726380
"Benin"	2015	2321329.82646552	48510861.6384492	35093634.3134916	5964965.7628188	1052028.03511836	0.4762964	10932783
"Benin"	2018	2541590.25765839	53020077.4070455	38608154.2355704	6514576.81553792	1179756.55557669	0.37948644	11940683
"Bhutan"	2003	181769.32590705	2582623.0170391	2027668.169485	249195.7474923	71101.28634518	0.40898	634627
"Bhutan"	2007	195732.01722668	2722283.7043832	2180897.4709892	267640.39252362	81321.38284326	0.3809077	681614
"Bhutan"	2012	206529.8415362	2847583.0259505	2319363.6401365	283178.4397634	92973.69845095	0.38809326	721145
"Bhutan"	2017	216797.09245275	2995203.214275	2449802.551281	296715.82327124	105586.81577275	0.3744141	756121
"Bolivia"	1997	2131473.11759865	29546738.4187675	45758002.526999	7228069.186751	1601706.22720822	0.5814129	8137619
"Bolivia"	1999	2214480.6645524	30338217.2516236	47553979.5368164	7494729.33878472	1681150.97528576	0.5803485	8439052
"Bolivia"	2000	2255926.47520688	30766363.9810208	48432075.9112	7630520.32533984	1717768.00029408	0.61563873	8592656
"Bolivia"	2001	2296895.2681674	31203121.3882868	49263099.1553012	7766087.9116252	1752473.05453404	0.57366186	8746084
"Bolivia"	2002	2338306.8722037	31635691.0597536	50069051.2293108	7902532.1463444	1789389.40538106	0.59274095	8900583
"Bolivia"	2004	2423221.76791197	32533238.1495366	51704919.606267	8181312.0657417	1862336.53890207	0.5500019	9216279
"Bolivia"	2005	2466585.75372624	32985424.5952284	52578239.9437512	8323620.62147676	1901666.01901536	0.58518255	9377388
"Bolivia"	2006	2512082.1780925	33426713.6684078	53533826.9889969	8469674.13937788	1946631.58660087	0.56660104	9542663
"Bolivia"	2007	2559991.2533096	33852983.616056	54563039.782592	8618627.977696	2001073.57175968	0.5453242	9711152
"Bolivia"	2008	2608867.62587094	34261061.9498451	55630999.18569	8768481.8668257	2062085.48984394	0.50814897	9880593
"Bolivia"	2009	2657877.39331092	34707835.8596295	56716558.3948464	8919531.6698781	2121204.10779531	0.4922026	10051317
"Bolivia"	2011	2754107.78604528	35771387.642431	58916378.574172	9224852.1008238	2244335.3487324	0.46080348	10396246
"Bolivia"	2012	2803163.9740972	36308533.7574289	60117899.80872	9378426.19319072	2308029.37195039	0.46579948	10569697
"Bolivia"	2013	2852599.38078364	36866805.5222966	61343792.242268	9532186.807136	2374381.43878107	0.47588572	10743349
"Bolivia"	2014	2901795.62470798	37424582.0864298	62536289.730489	9685947.80804732	2442031.08399778	0.47829148	10916987
"Bolivia"	2015	2950013.8461927	37994471.512776	63632109.7015545	9839245.402935	2506914.8232585	0.46731615	11090085
"Bolivia"	2016	2997155.30643925	38578259.18624	64573145.7555375	9992403.1919286	2578695.55441765	0.45240772	11263015
"Bolivia"	2017	3043807.254143	39168676.5851024	65492597.7111021	10145200.0597318	2646167.81307309	0.4461778	11435533
"Bolivia"	2018	3091082.6909986	39653362.4837285	66515430.488828	10296990.3258675	2716498.1529718	0.4257908	11606905
"Bolivia"	2019	3139283.356121	40036183.840543	67608214.9807955	10447935.9655044	2796190.6198281	0.416443	11777315
"Bosnia and Herzegovina"	2001	1187207.11802952	13197386.114892	14940899.6934736	2302261.7412536	440160.45538304	0.2996643	4194932
"Bosnia and Herzegovina"	2004	1177264.1804772	12541044.563276	14727873.51429	2272381.49573	466030.1556856	0.3403749	4142860
"Bosnia and Herzegovina"	2007	1142517.7967494	11618364.8048708	14253812.2033504	2198405.51407384	475358.445454576	0.33061588	4007876
"Bosnia and Herzegovina"	2011	1070743.13727888	10365121.7855172	13318999.0873368	2053981.94566968	469008.5806302	0.33030185	3743142
"Botswana"	1993	316630.72669856	6165021.4691748	5140232.1417034	790969.49546994	208578.63092296	0.6014759	1462262
"Botswana"	2002	394781.1839244	7830161.929369	6320773.721762	971008.3817841	275884.6976604	0.6472722	1795130
"Botswana"	2009	454339.14444798	8790907.3123602	7227310.325271	1108368.4550034	331588.22148141	0.604583	2048997
"Botswana"	2015	515478.83516008	9782296.0379694	8244840.1098778	1246906.181807	397997.75454043	0.5332503	2305171
"Brazil"	1990	41299214.6815961	603920967.743082	888388050.188727	167662156.967857	30446474.2743434	0.6044999	150706446
"Brazil"	1992	42783255.1406664	620134305.062184	933223329.376083	173462530.701051	31460243.1232824	0.5310165	155900790
"Brazil"	1993	43497011.0750625	629611509.338362	955872531.348	176297304.209288	31962985.9444612	0.600656	158440875
"Brazil"	1995	44898326.5492173	651093296.226874	996899877.740531	181953872.337395	33035623.0740864	0.59530365	163515328
"Brazil"	1996	45567908.5138802	669538800.147169	1031763144.00122	184760447.49574	33588522.7646417	0.5983732	166037122
"Brazil"	1997	46207686.4921952	698143551.292859	1093295305.59159	187549589.754068	34221782.3806275	0.59753734	168546707
"Brazil"	1998	46834110.5792898	731075263.197396	1169965623.77885	190316862.2138	34881977.3556228	0.5956541	171039804
"Brazil"	1999	47457640.5805087	761456616.306026	1249307758.61753	193029250.325228	35540531.3752336	0.5895037	173486281
"Brazil"	2001	48763136.8326845	796401986.194969	1383029787.09949	198261448.281212	36702597.8866828	0.5840255	178211881
"Brazil"	2002	49446285.6638605	810202972.892715	1453377841.92157	200768400.60129	37320822.4198549	0.58105445	180476685
"Brazil"	2003	50115921.1155252	823163118.43662	1520495577.47763	203151969.171333	37919061.3101508	0.57553095	182629278
"Brazil"	2004	50767861.0214534	834874178.871832	1575942809.8674	205470891.063362	38532676.4340205	0.564716	184722043
"Brazil"	2005	51394428.4508898	844699225.524006	1610827382.82626	207772227.563125	39141780.4865476	0.56309944	186797334
"Brazil"	2006	52004735.4403125	843550845.506949	1628509273.88039	210017219.709615	39863405.0901328	0.5564207	188820682
"Brazil"	2007	52618213.2038445	828120759.564519	1640515759.5977	212191718.453072	40637126.1942383	0.54918945	190779453
"Brazil"	2008	53220864.5219689	806223823.42431	1649295456.7856	214294120.01713	41516017.4107726	0.5403744	192672317
"Brazil"	2009	53803456.7946255	786519921.618031	1657572540.51379	216344207.559251	42381726.7230562	0.5368187	194517549
"Brazil"	2011	54916437.6808188	778581918.554201	1658887279.08127	220417253.533635	44098980.5069918	0.5294164	198185302
"Brazil"	2012	55478375.4135196	779713199.579624	1617597874.35294	222406106.739731	45051743.7475778	0.53435296	199977707
"Brazil"	2013	56032642.5253826	781499233.808978	1564716410.87443	224340425.290176	46006405.0236515	0.5268333	201721767
"Brazil"	2014	56578051.333614	783944884.00445	1521677367.32545	226266927.423945	46862977.1565005	0.5202964	203459650
"Brazil"	2015	57100608.8033943	787060998.814282	1510267469.27021	228181431.101736	47513969.6399484	0.51926446	205188205
"Brazil"	2016	57599935.7213321	789281304.531487	1525207111.24986	230030312.364978	47903500.5695627	0.533671	206859578
"Brazil"	2017	58072989.113664	792937690.72128	1541000526.94144	231849717.434496	48243102.0063488	0.53321064	208504960
"Brazil"	2018	58478723.920713	798915639.599603	1555170361.32218	233686230.227424	48709449.3448128	0.5388832	210166592
"Brazil"	2019	58800107.7205613	805104534.093031	1569335269.22809	235471449.431222	49220632.33794	0.5350931	211782878
"Bulgaria"	1992	2419521.71979088	25592466.5978176	29323498.570236	3987427.93588708	1135077.72352692	0.3071431	8540164
"Bulgaria"	2006	2155991.1250878	21167858.13714	25529116.2927372	3548624.68447344	1003168.0615671	0.3568935	7601022
"Bulgaria"	2007	2143851.75511016	20842351.341316	25532691.894214	3522430.27973816	1013712.99125804	0.36095893	7545338
"Bulgaria"	2008	2132877.81917966	20544931.934684	25570675.1183124	3497463.63818028	1025869.31417118	0.33572584	7492561
"Bulgaria"	2009	2123005.5102957	20284764.9419271	25572972.6714123	3474534.90583638	1037645.77199904	0.3382308	7444443
"Bulgaria"	2010	2112134.2634466	20051623.2269887	25448368.5721048	3451152.13181456	1047452.95987607	0.3565347	7395599
"Bulgaria"	2011	2101643.99995056	19843163.3307232	25226614.5584752	3428488.8196416	1052470.37691224	0.34275046	7348328
"Bulgaria"	2012	2093150.4278928	19649146.3242048	25003225.432032	3408256.2949872	1057432.16533824	0.36011046	7305888
"Bulgaria"	2013	2085204.6827469	19481076.7627905	24782551.052688	3388968.365211	1065975.81465375	0.36570963	7265115
"Bulgaria"	2014	2076695.7973996	19335339.61297	24570955.8610934	3369606.74697256	1070512.91608108	0.37415925	7223938
"Bulgaria"	2015	2065869.30842546	19184765.1301137	24366767.14815	3348064.7964868	1074323.4527781	0.38564444	7177991
"Bulgaria"	2016	2053632.00786068	19088237.4633444	24174574.2620668	3324576.556795	1080439.8918443	0.40589708	7127822
"Bulgaria"	2017	2040115.59892059	19005248.5447809	23992388.7270855	3300319.3288686	1086625.86763458	0.40378964	7075947
"Bulgaria"	2018	2025181.31937924	18887123.1836391	23832692.3288394	3276520.60127829	1091057.37246408	0.41284075	7025037
"Bulgaria"	2019	2009682.07456783	18776381.0387166	23699238.3582656	3253477.83978555	1094926.53801999	0.40271127	6975761
"Burkina Faso"	1994	2064492.8669316	43278120.3531768	30907118.4364488	5402437.6570248	780065.49191928	0.4802524	10091256
"Burkina Faso"	1998	2296909.24460836	47676815.0111335	34364931.8506969	5996455.473861	875169.003832462	0.49877948	11201063
"Burkina Faso"	2003	2680332.6279814	56444149.7517786	40066299.6274716	6975893.0123134	1052254.88462206	0.4325128	13030591
"Burkina Faso"	2009	3217048.57036224	67996021.5253272	48161362.052778	8378276.0552517	1324394.22326562	0.39761	15650022
"Burkina Faso"	2014	3743417.1687633	82150732.4675928	56472732.003495	9727212.1958106	1601855.9961963	0.35301226	18169842
"Burkina Faso"	2018	4227847.67824497	91564529.440657	63764647.3933482	10917072.1434679	1878006.44258877	0.43016732	20392723
"Burundi"	1992	1161146.2290977	31808034.3479795	20494015.04378	3326808.50641255	446900.05449305	0.3333381	5743085
"Burundi"	1998	1213961.9878218	32504900.604342	21559364.295648	3496333.418934	444426.5646558	0.42059556	6035340
"Burundi"	2006	1538666.0741268	37907531.230365	27185517.66978	4436919.7966575	530552.2810833	0.33359864	7658190
"Burundi"	2013	2029848.61578334	47801960.126173	36301553.5941736	5880737.9907544	717372.40684731	0.38623992	10149577
"Cameroon"	1996	2887645.1789472	61537893.96468	43109092.977552	7255661.113407	1422687.71055096	0.44446665	13575324
"Cameroon"	2001	3277748.57643422	71338993.30356	49270352.6026251	8280770.3411027	1586378.28217167	0.42136794	15493253
"Cameroon"	2007	3873601.55200104	84391817.1921224	58120992.0398358	9755139.43262564	1913215.64174786	0.42820063	18251866
"Cameroon"	2014	4727238.85008375	102673733.920065	71375724.4926495	11918053.342503	2406570.7672083	0.46640873	22299585
"Canada"	1990	7991569.10766494	91275108.1703024	122816012.16898	21492862.7731637	11267638.4165999	0.31365362	27691138
"Canada"	1991	8090885.859661	92917910.817076	124391866.171508	21761572.4119366	11367157.919502	0.31943396	28037420
"Canada"	1992	8186554.89618816	94521759.884928	125864610.216403	22020768.7880659	11482818.0009024	0.3156432	28371264
"Canada"	1993	8276345.53979112	96125300.3731464	127202987.544696	22264400.713567	11606312.7495382	0.31675926	28684764
"Canada"	1994	8366823.80852991	97678989.092732	128514930.050024	22510102.9157601	11733240.2000141	0.3130381	29000663
"Canada"	1995	8453290.96092117	99125762.301015	129729388.932525	22744754.1468877	11850951.0608776	0.3150958	29302311
"Canada"	1996	8541762.03781428	100750721.019388	127794502.984456	22984283.2587258	11988291.9226818	0.32768053	29610218
"Canada"	1997	8626943.10044472	102592982.638908	121318780.38658	23214306.7181224	12132553.0159044	0.33116943	29905948
"Canada"	1998	8698849.18548215	104287278.242829	113030149.457615	23408133.972288	12254594.9020185	0.33217245	30155173
"Canada"	1999	8769814.58654244	105812472.436693	106087579.753964	23599758.28965	12395613.6248952	0.33060935	30401286
"Canada"	2000	8851742.5341558	106926844.220524	103697852.36123	23820933.28451	12548305.7494664	0.33418295	30685730
"Canada"	2001	8948261.5637067	107466795.014871	104764748.25678	24175420.88544	12726966.5079615	0.33554783	31020855
"Canada"	2002	9045798.34068643	107262885.81154	105894125.765428	24665806.8956027	12931099.2978377	0.3356031	31359199
"Canada"	2003	9127499.81468913	106516314.099898	106886553.043321	25161610.350285	13122193.7601697	0.33809465	31642461
"Canada"	2004	9212952.64873866	105834244.999438	107970076.064426	25628430.1354803	13320347.7453288	0.33776483	31938807
"Canada"	2005	9300532.1192352	105525302.99888	109122292.50798	25970105.1700652	13488114.9746528	0.33621806	32242732
"Canada"	2006	9394958.6794534	105647380.932996	113239328.652742	26234749.4683814	13663885.8044019	0.3409054	32571193
"Canada"	2007	9486070.02009738	105648004.85344	121410049.513381	26490789.0064395	13833734.7404301	0.33841008	32888886
"Canada"	2008	9588943.64883056	105842916.146381	131309412.165308	26779405.2191078	14023389.7924473	0.33930567	33247298
"Canada"	2009	9699081.05884707	106353085.497381	140271522.250035	27087462.1621025	14206980.6114637	0.33952153	33630069
"Canada"	2010	9807561.26177324	107213161.713462	145433551.17193	27389754.5139624	14377611.3710221	0.33592603	34005902
"Canada"	2011	9904104.3851316	108563193.081265	147524796.016542	27657498.8117421	14550046.4599371	0.32657078	34339221
"Canada"	2012	10012508.7938041	110624473.619025	149680410.19334	27958551.5688808	14721253.0802605	0.33539012	34713395
"Canada"	2013	10119096.7067635	112807157.035536	151705410.001834	28253985.389856	14888672.2456618	0.3379898	35080992
"Canada"	2014	10221608.3245144	114918451.790758	153570721.16323	28537448.6926616	15065213.7622634	0.33157605	35434066
"Canada"	2015	10300275.6595364	116204373.335571	154990419.444457	28754360.3919144	15206153.662812	0.33746484	35704498
"Canada"	2016	10418141.4417865	117421281.450282	157035601.501386	29080881.8708508	15440739.22596	0.32701823	36110803
"Canada"	2017	10544273.014191	118831098.767325	159045463.750163	29429648.7639945	15664719.3203288	0.33308205	36545075
"Canada"	2018	10698045.9534	120955194.956934	160971084.403974	29853730.069371	15891627.8831544	0.3250927	37072620
"Canada"	2019	10858275.0004953	123782371.244971	162534687.684271	30292338.240944	16122380.3512705	0.31749648	37618495
"Central African Republic"	1992	589007.41226671	18001411.6328372	12560713.4542775	1585372.89036119	239104.910004445	0.5927244	2991727
"Central African Republic"	2008	868841.75072095	26549035.5398732	18917744.496507	2367405.661117	338765.28829288	0.56177914	4467233
"Chad"	2003	1905048.3685418	49204282.62823	29685201.7918284	4945546.2972788	757697.184145844	0.39809614	9196366
"Chad"	2011	2575666.4128428	65412800.13807	40362625.572657	6623907.346647	1138369.5010695	0.43319756	12317730
"Chad"	2018	3281970.1362074	80004352.893105	52654431.152014	8391160.806658	1539223.9290518	0.37499154	15604210
"Chile"	1990	4154743.6007308	58229966.4933756	71880290.1978392	12577401.005708	3567738.8002256	0.5723538	13342868
"Chile"	1992	4305945.44170854	59788646.3276532	74252979.589914	12990286.2770574	3787795.02436662	0.54806453	13782297
"Chile"	1994	4451081.23674052	61187642.2600502	76505570.7671756	13391952.5914504	4005638.99169938	0.5642096	14210674
"Chile"	1996	4583918.2414152	62185372.44908	78586005.158183	13770920.7378777	4215063.78922828	0.54868835	14615483
"Chile"	1998	4709204.1886413	62514548.890164	80517192.866418	14127654.5568015	4431785.4570801	0.5551666	14996742
"Chile"	2000	4825168.6772136	63072942.950495	82354326.588726	14460286.2581122	4627295.80898883	0.5275838	15351799
"Chile"	2003	4994226.89841968	64899609.67312	87358269.104352	15485739.3402728	4879441.50040384	0.51475215	15859112
"Chile"	2006	5157135.3577335	65766746.101505	91294413.377675	16257006.023623	5137860.232542	0.47706816	16334575
"Chile"	2009	5343636.01252626	62287977.4118523	93997681.879401	16753960.4732728	5462628.11434539	0.47404596	16833447
"Chile"	2011	5457000.19490891	62842749.0584965	95705775.4881241	17092793.6646799	5699259.37416914	0.46868134	17173573
"Chile"	2013	5561060.60309225	64322681.47162	96648715.3090025	17427765.9805105	5965066.227121	0.46823916	17509925
"Chile"	2015	5673775.0920744	65877429.4145688	97911356.512572	17786264.8691052	6228337.57795896	0.45343325	17870124
"Chile"	2017	5850751.7986092	67566011.1233652	100066269.152545	18281525.1909389	6556408.78798701	0.4526995	18368577
"China"	1990	341183143.7865	3400091695.1505	3981444226.6095	206424685.38105	74436305.4126	0.3222662	1135185000
"China"	1993	354063240.752	3670918730.572	4128969402.428	214101453.924	78379399.606	0.338778	1178440000
"China"	1996	365984328.54	3772553958.735	4285056671.46	221219374.6365	82904574.4905	0.3522766	1217550000
"China"	1999	376873085.52905	3688609808.169	4542219929.511	227781284.86465	88460146.987025	0.38703215	1252735000
"China"	2002	385743931.32	3697649618.52	4493278142.76	233036730.828	94930162.008	0.41985723	1280400000
"China"	2005	393485941.3276	3733072760.604	4290933636	237435989.5424	103036459.4952	0.40900767	1303720000
"China"	2008	401981819.7756	3664699784.1325	4337318661.293	241263627.5529	112538767.8212	0.4296504	1324655000
"China"	2010	407127078.84815	3640276550.925	4363914090.3475	243560510.92405	119805475.1443	0.43744954	1337705000
"China"	2011	409223858.9709	3660255447.3045	4351804385.5335	244829995.875	123526029.12834	0.42409223	1345035000
"China"	2012	411412428.4138	3692917161.957	4323087447.172	246423173.071	127509155.89715	0.42237166	1354190000
"China"	2013	413423837.4412	3728403734.948	4289465741.872	247994295.3664	131707714.9176	0.397364	1363240000
"China"	2014	415482370.1532	3762210950.946	4268189136.05	249501440.3112	136175981.7936	0.39177653	1371860000
"China"	2015	417847411.382	3789539874.92	4277760974.218	250902841.506	140922121.3024	0.38595304	1379860000
"China"	2016	425645934.4946	3808079106.52	4379321503.878	252308174.0367	147671722.3957	0.38480517	1387790000
"China"	2017	433739467.4427	3826369512.8145	4487011956.855	253821136.1445	153467666.41995	0.39075777	1396215000
"China"	2018	435868168.2784	3836509042.168	4497628287.132	255010868.5548	156661471.2288	0.38497642	1402760000
"China"	2019	436369317.96985	3834719481.5965	4454361671.139	255938514.6228	158538017.6629	0.38168344	1407745000
"Colombia"	1992	9373254.26405607	82477498.650474	156130304.136324	25166058.7491003	6213654.96820998	0.51352334	33939039
"Colombia"	1996	10117660.9672405	90870606.7269934	171484583.890465	27169069.0469638	6821861.34374616	0.5678045	36632573
"Colombia"	1999	10655578.2762749	99401878.4173443	199550523.846364	28615297.1258445	7231440.9692181	0.5853699	38585033
"Colombia"	2000	10829132.8653639	101697182.136471	205529110.73391	29081031.5798086	7370479.52528245	0.5839443	39215135
"Colombia"	2001	11000011.73579	103557795.159088	209061423.5171	29540441.6374375	7483580.27445875	0.57328486	39837875
"Colombia"	2002	11168354.6855335	105383342.33427	212481001.899985	29994552.2146725	7618383.1541545	0.56007546	40454050
"Colombia"	2003	11333612.3675507	107023582.308862	215733223.168991	30438539.1516261	7738194.41215249	0.5357371	41057687
"Colombia"	2004	11496762.8214456	108462835.125144	218794232.288588	30871807.8087876	7859469.6432408	0.5497496	41648268
"Colombia"	2005	11657597.1442078	109690466.55034	221635742.40138	31291333.1916482	7976639.643581	0.53908044	42220940
"Colombia"	2008	12164848.4490696	104625451.096093	194358037.869705	32456504.1934723	8506342.98514231	0.5530713	43815313
"Colombia"	2009	12330113.8709074	102041816.206001	182883358.203332	32821060.0846897	8717923.86416202	0.54283005	44313917
"Colombia"	2010	12486802.9408948	100939042.18853	179130440.800302	33188985.5692044	8913481.54621404	0.5461688	44816108
"Colombia"	2011	12634709.9916889	100960129.619767	181117067.920216	33550628.0393635	9126986.55508484	0.5348354	45308899
"Colombia"	2012	12779053.7710586	101056325.658156	183171998.422758	33898718.5126062	9339787.49900877	0.52637744	45782417
"Colombia"	2013	12919353.892679	101180760.663176	185321595.697242	34234198.092353	9528875.3719136	0.52625173	46237930
"Colombia"	2014	13055468.8906207	101541082.057212	187592507.503996	34558554.8578405	9751972.55774198	0.52543414	46677947
"Colombia"	2015	13191408.1642128	102218710.73952	190071370.327488	34883870.2238448	9964483.80052752	0.50983036	47119728
"Colombia"	2016	13371132.1254128	104069760.31634	207407195.373027	35252036.552057	10261787.8315569	0.505629	47625955
"Colombia"	2017	13608684.1766262	106480494.711573	226324477.440964	35778928.6272995	10544058.5653042	0.4970708	48351671
"Colombia"	2018	13849715.641993	108836589.801135	231685945.809437	36458607.2240409	10825926.5853755	0.50410813	49276961
"Colombia"	2019	14046305.6478026	111397366.586227	235964219.668772	37131739.5217502	11083558.8838426	0.5132595	50187406
"Comoros"	2004	126213.08466564	2474470.626978	2009189.0293062	353813.72082882	51512.81060982	0.5592444	581154
"Comoros"	2014	154703.39338632	3014622.522234	2502975.4085472	435009.2286282	62919.259823328	0.45332918	714612
"Costa Rica"	1990	888052.51707669	9738677.7802944	12732781.21227	2750719.17053178	601128.73768752	0.45215893	3158253
"Costa Rica"	1991	911082.49878638	9976939.3344502	13065424.824952	2821385.34289458	618931.44441092	0.46555334	3239414
"Costa Rica"	1992	934624.61434368	10222824.7902252	13403304.3330126	2893206.09784344	638934.47221359	0.4564088	3321939
"Costa Rica"	1993	958506.3109308	10482249.227172	13744261.876716	2965792.7904834	657175.77173376	0.45928076	3405372
"Costa Rica"	1994	982521.8258816	10742925.9460608	14085472.850816	3038657.4667392	678330.85534976	0.4670296	3489152
"Costa Rica"	1995	1006493.29309368	11010144.4907328	14425182.4392144	3111450.69491928	695059.86911256	0.45660135	3572856
"Costa Rica"	1996	1030785.598567	11296940.40735	14762885.70882	3183964.8354412	715595.08380578	0.46479103	3656234
"Costa Rica"	1997	1055661.80749862	11594990.968645	15100054.975733	3256319.06835956	735649.48758378	0.45579028	3739421
"Costa Rica"	1998	1080443.3521614	11905720.0503357	15432885.13692	3327665.8925688	756210.56921067	0.45638052	3821421
"Costa Rica"	1999	1104466.8597469	12215047.269022	15758502.729801	3397328.3364722	777162.6711992	0.4763139	3901430
"Costa Rica"	2000	1127184.32984894	12494451.143578	16076288.6952261	3465108.3229124	796641.6011474	0.47410414	3979193
"Costa Rica"	2001	1147925.3649471	12754366.891506	16380958.903452	3529726.24810788	814809.73412052	0.515062	4053222
"Costa Rica"	2002	1166764.9728696	13004471.2512664	16669566.375251	3590405.76922475	834357.38566484	0.51812834	4122623
"Costa Rica"	2003	1184444.8737055	13241560.440277	16946885.68645	3648208.522491	850803.866752	0.49300545	4188610
"Costa Rica"	2004	1201849.700544	13466333.8464	17219221.4592	3704542.377792	868637.547072	0.4841771	4252800
"Costa Rica"	2005	1219630.52110491	13690621.9571472	17488805.7954249	3760000.10701695	889574.09859279	0.47510344	4315887
"Costa Rica"	2006	1238902.10114312	13897834.5267808	17764123.3532396	3814840.9272868	909000.53637544	0.4928061	4378172
"Costa Rica"	2007	1259803.13222637	14106442.085147	18050930.1006406	3869371.01924837	933511.10873765	0.4931286	4440019
"Costa Rica"	2008	1281410.49648598	14318642.0109467	18346469.3119735	3923990.0429697	958038.90665149	0.48640883	4501921
"Costa Rica"	2009	1302385.53154278	14524604.3582625	18642771.7182385	3978015.29477292	983032.21367777	0.5055479	4563127
"Costa Rica"	2010	1321140.24802604	14724270.1821124	18929508.6156	4030237.1994164	1007671.18146376	0.48043102	4622252
"Costa Rica"	2011	1337980.92195688	14920125.899749	19228310.4018058	4081176.54835556	1027609.54001616	0.4875928	4679926
"Costa Rica"	2012	1354122.59497848	15116047.9167655	19551279.4500742	4131174.4715411	1049053.32328678	0.4841734	4736593
"Costa Rica"	2013	1369563.9698965	15311749.2273655	19877716.488245	4179615.731606	1070283.01675925	0.49151823	4791535
"Costa Rica"	2014	1384387.25440512	15500855.4413056	20186842.2824704	4226095.3287424	1091418.28017152	0.4863214	4844288
"Costa Rica"	2015	1398926.2787313	15682609.2351786	20460607.2521334	4270965.4944176	1113083.3078673	0.48374	4895242
"Costa Rica"	2016	1414617.28161585	15859962.2910975	20705177.7186	4314935.1611065	1138721.9704195	0.48704153	4945205
"Costa Rica"	2017	1429856.0677317	16024357.0655028	20930714.94381	4357694.79502014	1162976.11239768	0.4834524	4993842
"Costa Rica"	2018	1442868.2694078	16188694.2879032	21139588.293968	4398869.3637063	1185634.87509784	0.47970015	5040734
"Costa Rica"	2019	1454015.12487156	16338053.9667924	21330709.998912	4437280.7370108	1204447.12562592	0.4818988	5084532
"Cote d'Ivoire"	1992	2739895.97176584	50480436.803553	40836399.3170964	6824659.51271676	1421900.34180573	0.393822	12838314
"Cote d'Ivoire"	1995	3050887.79566649	56277204.796488	45382648.9074348	7601127.1348025	1552362.49042303	0.40563822	14299727
"Cote d'Ivoire"	1998	3381433.0725231	62213688.609912	50420287.083726	8429663.756115	1698035.0636718	0.38957423	15858990
"Cote d'Ivoire"	2008	4275632.68991225	78141755.1884798	64492797.8637572	10761696.0327875	2098834.94985091	0.43179876	20244449
"Cote d'Ivoire"	2015	4978847.22399484	92357323.3583224	76321709.6736934	12543527.2646908	2539114.80903227	0.41468868	23596741
"Cote d'Ivoire"	2018	5424830.77975644	100112825.862972	82554106.7654472	13551435.3763901	2872915.46820096	0.37168875	25493988
"Croatia"	2009	1264202.02134546	13160447.526366	15243155.0368197	2347595.22326016	686994.952894	0.3255369	4305181
"Croatia"	2010	1261754.87778552	13074183.5950296	15211458.3483342	2342152.4462955	691680.92624856	0.32373103	4295427
"Croatia"	2011	1257623.11456656	12982807.1915988	15174522.468948	2333941.25483508	691797.61393434	0.32254267	4280622
"Croatia"	2012	1254025.3323464	12898260.897863	15160570.209707	2326657.2583912	691879.07834182	0.324717	4267558
"Croatia"	2013	1250780.02124664	12822108.8048193	15157605.8194542	2320044.35253456	693300.38062527	0.3199227	4255689
"Croatia"	2014	1245922.93372016	12735014.5280092	15131464.092122	2310469.77439436	691530.08171819	0.32102978	4238389
"Croatia"	2015	1235891.01895792	12610512.2830348	15029082.32714	2291387.4829228	688101.47436488	0.31113166	4203604
"Croatia"	2016	1228184.18440377	12539901.3515224	14936001.0538768	2275324.0976072	687568.58673673	0.30897906	4174349
"Croatia"	2017	1214348.00536197	12417695.7850768	14766342.7331715	2248037.2634117	685226.31798516	0.30352312	4124531
"Croatia"	2018	1203264.96712815	12308260.2220275	14656470.53534	2227929.82527265	685655.9503115	0.29728642	4087843
"Croatia"	2019	1195695.91278499	12226686.2252481	14614631.2854095	2215511.6628122	689129.492801	0.28908294	4065253
"Cyprus"	2004	280030.5779038	3085894.5515168	6558875.0670628	925215.83125344	390512.5114	0.30089056	1018684
"Cyprus"	2005	285162.04779634	3137536.189827	6687422.231191	942210.4427684	401693.3135436	0.30259413	1037062
"Cyprus"	2006	290195.82330524	3182519.6172272	6813251.245564	959099.0969732	413500.99836196	0.31125963	1055438
"Cyprus"	2007	295201.11559724	3220149.0826376	6940527.10884	976061.69400925	424890.81409711	0.31113273	1073873
"Cyprus"	2008	300202.9075266	3256828.387332	7068660.589146	993106.3324065	437283.4548264	0.31708607	1092390
"Cyprus"	2009	305220.39782124	3297073.3131628	7196944.3430182	1010213.92421676	448464.7081807	0.32108265	1110974
"Cyprus"	2010	310293.5648664	3348202.1150298	7325067.033132	1027437.4423284	457965.3280062	0.3145779	1129686
"Cyprus"	2011	314365.612467	3400202.2226874	7433318.5549582	1041636.8696052	463666.08180918	0.326255	1145086
"Cyprus"	2012	317211.08914984	3449931.8344824	7519071.26056	1052246.4456712	467065.50648852	0.34312433	1156556
"Cyprus"	2013	319726.68617824	3500129.133248	7598088.971088	1061874.7129144	469187.15137976	0.37041834	1166968
"Cyprus"	2014	322208.0072861	3545721.3304985	7671720.498715	1071134.5866863	471715.1380439	0.35565287	1176995
"Cyprus"	2015	324944.7398064	3585635.940672	7741100.62476	1080614.289888	475371.9997632	0.33966377	1187280
"Cyprus"	2016	328770.37134476	3612223.9311315	7783561.9335036	1090367.2272427	481852.97479926	0.32891682	1197881
"Cyprus"	2017	332606.36453652	3640224.0333072	7822287.6617322	1100140.19197308	489503.2980798	0.31416234	1208523
"Cyprus"	2018	335084.12653905	3709016.3280492	7881850.99263	1109592.6622095	494952.8868942	0.32739753	1218831
"Cyprus"	2019	336680.32124832	3825000.3977556	7947099.1786704	1118757.2397708	501477.18241992	0.3122325	1228836
"Czechia"	1992	3019273.02409984	33847067.0667959	33047267.9599964	5656030.60536188	1685717.89927272	0.20703283	10319123
"Czechia"	1993	3022515.9861942	33812352.826575	33113062.962495	5661657.171414	1680240.9920856	0.2655349	10329855
"Czechia"	1996	3020689.3863375	33379146.1172496	33077475.8626805	5652625.80945016	1678628.87582408	0.2579901	10315241
"Czechia"	2002	3002103.1007706	31289299.9668792	32584022.7852312	5585409.6841968	1702142.33060772	0.26555094	10196916
"Czechia"	2004	3006667.74492015	30941445.9555875	32551781.3228984	5584680.9748134	1743153.21966196	0.2753318	10197101
"Czechia"	2005	3012198.74520368	30826276.4631104	32581517.0994848	5591975.3659312	1763798.55439184	0.26946017	10211216
"Czechia"	2006	3021407.6914645	30739820.113023	32656772.480495	5606637.31320565	1787770.5604242	0.26744118	10238905
"Czechia"	2007	3040345.8505984	30748262.2375412	32837632.84851	5638958.490152	1822338.4790536	0.25998646	10298828
"Czechia"	2008	3067002.56538802	30828206.0036968	33101399.754238	5685463.1810891	1859664.73602112	0.26280212	10384603
"Czechia"	2009	3085802.9287296	30841947.7146432	33279144.6196032	5717529.6300192	1887761.17103904	0.26156676	10443936
"Czechia"	2010	3095895.9108837	30806185.649223	33360524.50155	5733818.774361	1911980.8901589	0.26623514	10474410
"Czechia"	2011	3103758.08742384	30732556.160088	33401434.2417648	5745289.55646456	1924540.23405168	0.26381272	10496088
"Czechia"	2012	3110256.0592722	30625255.335087	33406211.443329	5752962.1306836	1936080.81606825	0.26109937	10510785
"Czechia"	2013	3113701.97750144	30484676.4887552	33368008.4535968	5754526.67465728	1944685.0520224	0.26473904	10514272
"Czechia"	2014	3119219.52778611	30387804.0536637	33353579.4944499	5760277.59352878	1953913.20767748	0.25923222	10525347
"Czechia"	2015	3126983.4797307	30361899.2674554	33375521.0497833	5771312.22668616	1968591.91482108	0.25867426	10546059
"Czechia"	2016	3136596.6348024	30411765.2836984	33316000.8813884	5782097.630708	1978913.79800688	0.25406334	10566332
"Czechia"	2017	3148110.765605	30507653.612077	33294417.7619284	5797194.8964274	1995726.41069496	0.2485221	10594438
"Czechia"	2018	3157213.62395328	30594699.4780336	33427333.990668	5816367.073832	2018983.46916064	0.24990341	10629928
"Czechia"	2019	3165049.1177316	30722734.29324	33658088.697651	5839099.1567568	2051635.5254835	0.25262198	10671870
"Denmark"	1992	1116380.8240503	22384611.18405	24950337.798672	4910584.2751125	2136961.3982862	0.2469101	5171370
"Denmark"	1995	1129541.65976255	22000016.783789	25310679.943827	4969464.9896933	2193163.7532171	0.22955896	5233373
"Denmark"	2000	1151150.40629184	20513157.400464	25807088.1799296	5071064.2849728	2314017.42518016	0.2376632	5339616
"Denmark"	2003	1157906.72321688	19890832.633959	26061600.580701	5088641.4815712	2390465.02609572	0.2563103	5390574
"Denmark"	2004	1159717.84014009	19722906.8354205	26132122.554336	5089903.5576257	2415375.9078525	0.24911784	5404523
"Denmark"	2005	1162936.83647936	19591830.8947696	26205240.720304	5099020.5476936	2434082.6045936	0.2518638	5419432
"Denmark"	2006	1182123.44963736	19480929.9852	26279562.7682904	5115957.4986144	2454403.28501568	0.25913078	5437272
"Denmark"	2007	1222979.48365372	19400112.4175868	26372104.431392	5138915.89192966	2475234.2957195	0.26184258	5461438
"Denmark"	2008	1272763.54162146	19363318.1441973	26500156.447905	5169296.2944714	2500028.69437608	0.2524627	5493621
"Denmark"	2009	1315548.92529035	19355862.6142305	26623980.03179	5197205.884144	2522410.46577325	0.26701188	5523095
"Denmark"	2010	1336958.8716703	19378419.5374682	26744340.6619741	5220503.23572981	2539138.06082269	0.2719856	5547683
"Denmark"	2011	1342401.4540748	19447733.6330032	26905325.7568592	5242039.160442	2555775.3697854	0.27311745	5570572
"Denmark"	2012	1346219.885255	19521348.1680196	27107586.5503352	5261726.8451916	2567249.89725484	0.2779075	5591572
"Denmark"	2013	1350083.67232368	19614399.3905376	27338153.3000124	5283338.8217808	2580954.42123324	0.28542534	5614932
"Denmark"	2014	1355288.02707175	19719182.0321	27579320.8947625	5309703.24024875	2594489.434785	0.2835288	5643475
"Denmark"	2015	1363981.41539803	19852465.7955715	27829407.532303	5346731.91495911	2619150.50270718	0.28177238	5683483
"Denmark"	2016	1375212.0302948	19920948.787732	28030784.48834	5387897.2055887	2653240.1798853	0.28187442	5728010
"Denmark"	2017	1385258.0508312	19980401.431536	28175747.686554	5422065.730146	2686984.3663026	0.28746662	5764980
"Denmark"	2018	1394409.53153472	20098806.3536844	28284384.3730092	5448331.5285366	2711984.4997374	0.2816572	5793636
"Denmark"	2019	1403496.2297618	20251046.8951468	28338934.643488	5467265.94563534	2740066.60168856	0.27723306	5814422
"Djibouti"	2002	172628.84995488	3516292.537164	2540859.9654636	479247.5901609	77137.536514896	0.39997312	789129
"Djibouti"	2012	208459.08922329	4226154.4605222	3087662.5844811	579597.1498647	97534.22071707	0.45104358	954297
"Djibouti"	2013	212431.87202558	4304032.5118025	3151362.911151	590191.7551675	100219.93819442	0.44117805	971753
"Djibouti"	2017	228591.06651971	4621339.8539631	3387571.0882199	631744.0072533	112863.60572487	0.41585726	1040233
"Dominican Republic"	1992	1985756.8366116	28038590.265276	33147483.11334	6783348.2517162	1307910.752694	0.5105286	7427340
"Dominican Republic"	1996	2145819.4763728	30494737.2845132	35644113.6805124	7314984.6854892	1432389.97774098	0.47418755	8012314
"Dominican Republic"	1997	2187270.1264392	31335562.1661984	36258775.315488	7438938.6735972	1472446.03165704	0.48901546	8150076
"Dominican Republic"	2000	2306284.74011425	33751714.8098914	37984941.6415385	7788926.3785298	1587555.56926302	0.5151364	8540791
"Dominican Republic"	2001	2343411.2518032	34322116.4064	38515613.665104	7903640.922456	1622082.8862168	0.49998924	8669040
"Dominican Republic"	2002	2380516.3375539	34903894.819661	39024601.925484	8016418.28966804	1655984.18456884	0.49671522	8795101
"Dominican Republic"	2003	2417427.9615432	35459622.84672	39527554.3547724	8128161.88348356	1695404.2975068	0.5211965	8919852
"Dominican Republic"	2004	2453686.47963828	35986361.5608939	40034022.703397	8238795.47383708	1731877.19503243	0.52049935	9043127
"Dominican Republic"	2005	2488848.18486528	36479140.109856	40553438.536704	8348145.65480096	1769910.26070016	0.499648	9164768
"Dominican Republic"	2006	2523889.9297984	36863435.2220928	41114390.222088	8455620.5309676	1810970.7384968	0.51961064	9284168
"Dominican Republic"	2007	2559977.83481902	37145270.7984644	41726167.534975	8562001.93045736	1854164.8548918	0.48855126	9402206
"Dominican Republic"	2008	2597433.1101822	37417823.4489012	42375509.221788	8670966.5057898	1899984.58803564	0.48107398	9522948
"Dominican Republic"	2009	2635859.913261	37716050.5162545	43037491.62514	8784056.29763824	1947608.92114452	0.48875645	9648061
"Dominican Republic"	2010	2673909.8671032	38052615.12525	43670688.734673	8899603.5446703	1995093.1708092	0.47325817	9775755
"Dominican Republic"	2011	2711906.33289209	38363845.5486169	44288481.875352	9015491.23016822	2042984.95924225	0.47706884	9903737
"Dominican Republic"	2012	2750734.6658612	38604190.426988	44924769.545772	9130698.6122616	2085407.12703576	0.46133503	10030882
"Dominican Republic"	2013	2789822.36887554	38797757.1482656	45563758.850124	9245116.12253507	2137029.91995166	0.47656393	10157051
"Dominican Republic"	2014	2828559.4541365	39029008.405148	46187727.388021	9358647.405505	2192194.11290785	0.442794	10282115
"Dominican Republic"	2015	2866308.06853056	39400257.269016	46778203.3954056	9471029.285196	2245856.69348936	0.4518094	10405832
"Dominican Republic"	2016	2906634.4629056	39859182.4677736	47274327.6867864	9581669.54078992	2312708.7798744	0.45722562	10527592
"Dominican Republic"	2017	2946806.3125102	40321868.982324	47758553.673808	9690409.1881764	2387815.03584888	0.42192984	10647244
"Dominican Republic"	2018	2984967.60810542	40913090.4003773	48335038.021676	9797911.72446156	2443704.4844954	0.436861	10765531
"Dominican Republic"	2019	3023745.61323186	41602552.4552814	48972277.6587	9903698.745138	2502602.49055806	0.41917086	10881882
"Ecuador"	1994	3077005.71320384	37289632.71372	57674940.586688	10308835.7367208	2796843.64645236	0.5333033	11347652
"Ecuador"	1999	3379963.3442049	41463509.5813652	63397929.5692178	11276385.3713541	3048191.58879318	0.5857073	12412046
"Ecuador"	2000	3440451.18253922	42276102.3036675	64540622.8582288	11471208.8827551	3100780.21459928	0.5629919	12626507
"Ecuador"	2003	3624220.69067136	44718644.4536832	67912407.147936	12083905.5294048	3295911.55635456	0.5351386	13301184
"Ecuador"	2004	3687949.61737539	45539491.8142227	69069694.393821	12295745.5809455	3372538.78537374	0.53889215	13534593
"Ecuador"	2005	3753044.03522376	46329888.3665952	70262202.270624	12509372.4963044	3447158.36565696	0.53049964	13770012
"Ecuador"	2006	3821804.22642645	47113480.795392	71515715.6552454	12726204.213785	3538668.91573338	0.5224719	14009061
"Ecuador"	2007	3894719.66349245	47865688.563472	72830439.80875	12946359.7880825	3629563.98828075	0.53354627	14251835
"Ecuador"	2008	3969656.4728303	48620875.5932459	74188274.8450704	13168533.7735938	3720456.09749639	0.49787596	14496797
"Ecuador"	2009	4044528.65530808	49385529.8426304	75566531.289071	13391550.9534935	3830359.3142048	0.48498443	14742766
"Ecuador"	2010	4117374.2834289	50167483.3415795	76949304.41003	13615237.918022	3938577.9139655	0.48799783	14989585
"Ecuador"	2011	4189541.08676928	50949761.7954336	78419987.3660896	13840033.6852448	4048593.62654208	0.45871222	15237728
"Ecuador"	2012	4262138.84751836	51735725.364229	80000857.005994	14062923.4957969	4165514.15307814	0.46109366	15483883
"Ecuador"	2013	4332890.52336553	52504818.0295718	81585670.1261435	14279349.7466881	4281660.46553672	0.46862358	15722989
"Ecuador"	2014	4401737.68866338	53238438.8168334	83106671.493963	14492001.7105942	4401322.94039932	0.4499254	15957994
"Ecuador"	2015	4469652.7173186	53995305.5114838	84511269.36963	14707201.4113983	4514015.88424092	0.459508	16195902
"Ecuador"	2016	4534224.954269	54783108.65815	85730306.8487425	14926622.7027389	4637143.82539055	0.4501621	16439585
"Ecuador"	2017	4601704.98241872	55617530.4821664	86986341.3169872	15157587.6145584	4741077.88034496	0.44669914	16696944
"Ecuador"	2018	4689283.70629952	56686329.5954336	88750393.064616	15445176.521416	4831645.66640096	0.45437902	17015672
"Ecuador"	2019	4780533.6233422	57766747.989902	90727674.282268	15742045.611	4920687.86597	0.45709932	17343740
"El Salvador"	1991	1435596.9616131	20262163.786333	23016280.2327	4499739.280262	856206.1052306	0.53793645	5461070
"El Salvador"	1995	1514280.75075465	21222389.973033	24337148.8775565	4741545.39716835	926791.826601	0.49848166	5748195
"El Salvador"	1996	1529114.6323128	21338201.028528	24558014.903916	4783202.82258	942008.583156	0.5095812	5797140
"El Salvador"	1998	1559441.00465517	21427800.8315129	24943182.775042	4858192.5132968	976638.82228114	0.54378504	5885083
"El Salvador"	1999	1572901.95314076	21432093.714064	25116587.485616	4891367.8405196	992838.42453928	0.5208074	5923852
"El Salvador"	2000	1583698.79354354	21441454.473432	25279285.3206148	4921006.010365	1005490.50075008	0.5146378	5958482
"El Salvador"	2001	1591509.6614812	21438438.795196	25434900.58391	4946390.12534825	1020203.8411019	0.5134745	5988095
"El Salvador"	2002	1596898.4498385	21399440.489845	25575441.973715	4966284.57204	1029781.5415335	0.518517	6011275
"El Salvador"	2003	1600052.4712026	21332934.2547953	25691322.4313333	4979773.54522614	1038892.68134958	0.5043636	6026849
"El Salvador"	2004	1601696.8564875	21246525.625695	25781278.0005765	4987627.7286192	1049296.99212315	0.47799078	6035655
"El Salvador"	2005	1602375.6498483	21174897.7321101	25839088.4209055	4989912.8024944	1057145.37831495	0.48472306	6037817
"El Salvador"	2006	1603581.18650932	21069995.4432668	25890944.3806136	4987509.629488	1066203.73838016	0.4568936	6034436
"El Salvador"	2007	1610257.25406377	21032675.304481	26029531.2643276	4995780.7089417	1077124.70639262	0.45217508	6044131
"El Salvador"	2008	1621441.74558547	21039619.8986094	26241636.1190166	5015686.1384637	1097006.35019146	0.46885607	6068099
"El Salvador"	2009	1631786.38323648	21056825.76081	26444259.218448	5034743.3174184	1109723.93854632	0.4582485	6091188
"El Salvador"	2010	1640130.15654542	21090129.1725148	26620565.17634	5053459.7294713	1124274.43428382	0.43513292	6114034
"El Salvador"	2011	1646818.47044817	21117782.0020662	26789215.380201	5072433.025614	1138707.22399119	0.4231799	6137349
"El Salvador"	2012	1653138.5322345	21158571.8935905	26973593.371146	5091961.5585738	1152554.56452843	0.41828847	6161289
"El Salvador"	2013	1659334.52879286	21183701.5562298	27161081.6499886	5111868.3638854	1163861.75919754	0.43358666	6185642
"El Salvador"	2014	1665474.6656091	21235140.1728258	27336559.567071	5131380.2825298	1176896.55459132	0.41559452	6209526
"El Salvador"	2015	1671365.81197392	21297696.353076	27480315.814926	5148979.7015466	1190939.71900842	0.4055182	6231066
"El Salvador"	2016	1679401.2154577	21391934.814453	27580662.89846	5164627.3992096	1210422.7624384	0.39978546	6250510
"El Salvador"	2017	1686489.4444648	21471795.6794742	27649323.44629	5177288.9485792	1227364.73115138	0.38007155	6266654
"El Salvador"	2018	1688466.5459136	21472476.894534	27687840.4661988	5184528.0608889	1236030.84689922	0.38610572	6276342
"El Salvador"	2019	1686913.57623401	21399017.3470947	27694417.3997139	5186892.7664266	1243557.88898881	0.38778764	6280217
"Estonia"	1993	418208.8178048	6932333.322968	5119045.0891264	783225.7823328	203508.46624528	0.39427334	1494128
"Estonia"	2003	388938.2087136	6041723.91472	4670680.4248	717973.952176	198279.7333712	0.37195182	1370720
"Estonia"	2004	387591.436267	5882886.47282	4639766.569165	713651.9812275	201735.9782585	0.33559534	1362550
"Estonia"	2005	386057.3613875	5740713.28871	4611852.8454925	709531.704515	204462.87331175	0.3344686	1354775
"Estonia"	2006	384296.1660567	5608578.79583	4585881.31595	705308.5854506	206521.4885082	0.33667818	1346810
"Estonia"	2007	383110.2231352	5476248.246128	4568111.432324	702035.68622	208691.8308024	0.31178468	1340680
"Estonia"	2008	382649.2451958	5357192.81654	4559426.625416	700091.6863986	211087.3877466	0.31915063	1337090
"Estonia"	2009	382437.835416	5252502.908835	4553139.646965	698661.30698	213278.0769938	0.3144271	1334515
"Estonia"	2010	382004.757774	5168359.611705	4542760.6239075	696974.96868	215315.431941	0.31999895	1331475
"Estonia"	2011	381356.20693202	5090550.688174	4526256.6347618	694769.55927705	217704.54911577	0.3248852	1327439
"Estonia"	2012	380686.3261864	5008400.7050728	4505599.1160784	692185.81071456	218120.59916472	0.329136	1322696
"Estonia"	2013	380081.53656555	4935207.8709726	4484375.9259478	689629.6728779	219666.61917897	0.35075676	1317997
"Estonia"	2014	379767.9754105	4874881.288174	4467357.089452	687725.1705973	221294.14658965	0.3458795	1314545
"Estonia"	2015	380510.58470691	4851387.5465262	4465410.6959523	688076.18185965	223045.9356294	0.3266799	1315407
"Estonia"	2016	380749.757563	4843239.437295	4451152.438355	688175.27527	224968.379461	0.3119477	1315790
"Estonia"	2017	381242.93307912	4845584.702808	4441074.3047808	688899.8785968	226786.75977888	0.30354318	1317384
"Estonia"	2018	382909.24997415	4867353.1414911	4457104.1512788	691207.0434522	229478.47097118	0.3032016	1321977
"Estonia"	2019	384932.6453857	4901086.9786548	4483344.7235272	693689.8015588	232421.1786474	0.30765438	1326898
"Eswatini"	1994	204127.89139098	3997895.738814	3335540.652106	509779.1980327	130408.68506491	0.5863356	953737
"Eswatini"	2000	221738.9347424	4445078.8115168	3623205.387072	550882.7577792	143517.8477424	0.5311352	1030496
"Eswatini"	2009	236567.0362887	4865120.46657	3822701.7321558	585412.9348041	157599.52222014	0.5144115	1094886
"Eswatini"	2016	247958.28194224	5069728.029082	4029554.2995644	610877.591545	172099.23558776	0.54579794	1142524
"Ethiopia"	1995	11840585.4199474	287228269.286036	205672863.901066	35314032.0353808	3638366.1174095	0.44562823	57476536
"Ethiopia"	1999	13386594.6632159	326160626.173046	233103573.334512	39985421.632233	3995567.72739753	0.29975793	65077579
"Ethiopia"	2004	15575452.470405	370200777.501228	254693815.352789	46270338.1628103	4668586.05194322	0.29806852	75301026
"Ethiopia"	2010	18600927.7258256	423254807.017884	298947081.734071	54832897.7841037	6051562.27814374	0.33170602	89237791
"Ethiopia"	2015	21635249.8429825	472070466.829387	351650701.397653	62959787.7485185	7970448.442511	0.34993124	102471895
"Fiji"	2002	247658.37338256	2487533.7294696	3359545.6074285	233471.40638577	81608.1486129	0.38102055	849891
"Fiji"	2008	263458.73384017	2609664.3143725	3555973.329535	246325.3698906	87615.26376658	0.40375587	896731
"Fiji"	2013	268188.26619896	2648883.8069834	3666877.118259	250912.2940315	91157.945308982	0.36696598	913453
"Fiji"	2019	268815.5095815	2679855.846075	3710437.868625	252242.635275	97091.10598449	0.30706868	918465
"Finland"	1991	1323075.6981878	24425899.926202	20744917.306742	4543040.813381	2163619.4323948	0.22879761	5013740
"Finland"	1995	1343100.2249386	24304235.750836	19173512.284515	4626670.404193	2211116.0655005	0.23459136	5107790
"Finland"	2000	1365772.55961384	25644603.0195726	18636036.2207877	4687212.0181491	2352437.13924945	0.27156627	5176209
"Finland"	2003	1372857.4022773	24359022.547262	18845196.787406	4672520.3676576	2474812.29548248	0.27686426	5213014
"Finland"	2004	1375840.09709424	23854242.6444888	18946070.3224584	4667752.2185244	2507289.71230224	0.27897653	5228172
"Finland"	2005	1380176.09100672	23632132.1937968	19056895.9334752	4675831.2003408	2530165.87032	0.27619493	5246096
"Finland"	2006	1385938.81108648	23704478.125188	19341845.3649204	4693481.3077264	2537123.72016376	0.27998725	5266268
"Finland"	2007	1392867.444904	23903912.230752	19871179.668976	4713216.5095648	2533981.8750144	0.28285563	5288720
"Finland"	2008	1400617.44920097	24171087.749718	20491355.9703762	4734912.2479932	2527749.1510089	0.27838135	5313399
"Finland"	2009	1408485.78482636	24399377.234198	21042449.976657	4757283.2231634	2524840.88132473	0.27455276	5338871
"Finland"	2010	1415670.27604704	24494707.478304	21360218.6863296	4778710.1612064	2528667.612468	0.2771396	5363352
"Finland"	2011	1422806.84441728	24308547.923632	21514861.4431232	4800499.8924608	2542845.93079648	0.27642646	5388272
"Finland"	2012	1430352.56827947	23856489.964428	21674118.254328	4823046.893292	2560631.89582482	0.27096376	5413971
"Finland"	2013	1437731.11415472	23306907.1356044	21823998.6146644	4844930.57837404	2580779.26924664	0.27193668	5438972
"Finland"	2014	1444313.34216624	22848216.336708	21949467.191232	4864559.180754	2597322.90572664	0.26776803	5461512
"Finland"	2015	1449352.388093	22657531.91314	22035174.4535034	4880090.36368346	2607020.29982985	0.2710181	5479531
"Finland"	2016	1452622.73485791	22459580.3242712	22030610.9272579	4893611.283924	2617075.62710792	0.27078423	5495303
"Finland"	2017	1454933.80725316	22272303.570794	22005693.8951232	4904694.58026562	2630659.33144616	0.2738283	5508214
"Finland"	2018	1456572.8248395	22478559.0915175	22020031.98772	4910807.41688575	2639257.97059425	0.27329567	5515525
"Finland"	2019	1458123.626056	22855556.10777	22048441.4244866	4915796.9239434	2660351.34849318	0.27737123	5521606
"France"	1990	15653750.3623644	257541169.096325	363382175.469885	52379880.6461359	23984445.4219685	0.32119063	58044701
"France"	1996	16066966.1025354	248139923.533108	366927760.346007	53932741.3675742	25406484.3536591	0.32016575	59756533
"France"	1997	16117681.0697916	250448159.291232	373308283.714312	54127833.9743688	25461211.2382928	0.3190015	59969944
"France"	1998	16170566.7086096	253232229.250847	380978225.747	54331805.999142	25519421.3240897	0.31657764	60192790
"France"	1999	16248630.1932876	256073824.83672	388517776.350366	54616305.308418	25658697.4923624	0.32499772	60504420
"France"	2000	16357983.7598525	258594765.384936	394084623.996852	54996158.0078832	25866426.4499803	0.32553056	60921384
"France"	2001	16479406.2935956	259061955.913112	398628849.11026	55409424.6747216	26174657.6625732	0.3253329	61367388
"France"	2002	16604681.1531824	257218369.641861	404255607.43459	55835068.2836152	26642413.5933492	0.31778157	61816234
"France"	2003	16728744.8047469	254223242.823591	410122073.154536	56256580.97443	27105711.0389892	0.31411052	62256970
"France"	2004	16856585.806922	251748959.467846	415613747.48681	56691210.6902338	27587730.2144778	0.30647254	62716306
"France"	2005	16984365.7239414	251105152.745438	419883725.35525	57126861.8038597	28003635.1164237	0.29833862	63188395
"France"	2006	17096185.8233942	252860363.548786	420446405.306894	57525594.3158811	28328701.618942	0.29691088	63628261
"France"	2007	17188824.8410554	256058157.424871	417063690.078001	57881764.3238835	28671334.6437375	0.32427707	64021737
"France"	2008	17269512.2396112	259924942.948152	412105546.03153	58205419.1968464	28963681.0011142	0.32996443	64379696
"France"	2009	17345092.3592018	263200648.318092	407981992.895983	58504691.5542744	29254205.5677997	0.3266122	64710879
"France"	2010	17424188.21658	264963390.603898	407180380.835773	58793570.58844	29507202.008124	0.33720416	65030575
"France"	2011	17508787.963934	264294055.159757	409038895.459117	59077982.8116596	29805233.6964388	0.3329475	65345233
"France"	2012	17597175.6472064	261660106.364272	411194301.410032	59364784.680768	30068973.5254048	0.3311486	65662240
"France"	2013	17693502.2415462	258316907.389315	413633903.078307	59672763.8681733	30370973.0840367	0.32512552	66002289
"France"	2014	17782031.6881056	255569544.374468	415879994.184006	59954019.5975931	30633552.9748708	0.32262158	66312067
"France"	2015	17849783.8154832	254668883.808797	417507181.531037	60169232.1523742	30880664.1766616	0.32704228	66548272
"France"	2016	17918058.8605901	255366183.897922	418562906.632056	60329343.2726006	31088454.8458416	0.31923512	66724104
"France"	2017	17988985.1147448	256259506.128288	419707860.742014	60505212.608984	31208113.3209274	0.3163205	66918020
"France"	2018	18043937.04477	257301743.794456	421248273.118628	60722525.9024851	31393975.672776	0.32380664	67158348
"France"	2019	18078780.8031189	258482918.343741	422809556.124656	60929929.8778459	31554662.6090934	0.31199563	67388001
"Gabon"	2005	334354.52144874	8353073.5206438	5745419.9383802	819888.0982942	257932.40543915	0.42184988	1458353
"Gabon"	2017	490472.32247475	11871642.907971	8568167.978139	1203235.40065575	387502.1057754	0.38024372	2140215
"Georgia"	1996	1224344.88790254	14625901.725693	11358711.740277	2361373.3032606	463548.32258589	0.37132707	4491699
"Georgia"	1997	1180605.31992135	14140373.1118815	11010325.78908	2286857.1419424	432214.115444802	0.40682536	4349913
"Georgia"	1998	1146907.61204612	13782357.9580724	10753018.3624952	2230997.4491598	406175.82553932	0.4123018	4243607
"Georgia"	1999	1119930.896032	13482546.893712	10543848.654872	2185593.55826448	387401.73839744	0.40128374	4157192
"Georgia"	2000	1096916.86913816	13221734.6433096	10343872.972157	2143485.9814409	377276.603587075	0.4045976	4077131
"Georgia"	2001	1081135.6817426	13023436.915346	10182188.9543836	2110407.2700744	372168.048818478	0.39557204	4014373
"Georgia"	2002	1074236.56739645	12923623.9207555	10088090.1294815	2091440.4857055	372411.10862934	0.3724613	3978515
"Georgia"	2003	1070448.223548	12851237.9215432	10016052.282788	2077211.96896648	377137.20510088	0.36650413	3951736
"Georgia"	2004	1067003.0203262	12792863.904176	9949373.91708	2064243.9147644	381643.584574	0.3616882	3927340
"Georgia"	2005	1062191.65157988	12720550.391904	9879874.9135965	2051000.3394912	385947.19868049	0.37375313	3902469
"Georgia"	2006	1056942.30305715	12651518.281923	9813244.2892935	2039169.53351952	391255.54322388	0.36865547	3880347
"Georgia"	2007	1051860.08925068	12577728.8346048	9747864.7615316	2028362.32843168	398760.111637	0.38108635	3860158
"Georgia"	2008	1048967.43366712	12538426.1797234	9702857.0143967	2022012.8194002	405729.58606422	0.38532716	3848449
"Georgia"	2009	1040100.515244	12427949.26485	9603043.1924322	2003937.0627696	412779.06857355	0.38234815	3814419
"Georgia"	2010	1033286.7490011	12343732.03998	9522535.208164	1989144.067449	418619.0565161	0.394587	3786695
"Georgia"	2011	1026827.05404864	12270444.578028	9436778.1930513	1972986.1153275	423098.452839036	0.3959351	3756441
"Georgia"	2012	1022206.8569109	12214459.6430946	9356382.503454	1958245.9612113	429374.39694396	0.38953948	3728874
"Georgia"	2013	1022475.0630084	12222049.174744	9317163.77658	1952104.8995014	436587.83618792	0.38588807	3717668
"Georgia"	2014	1026041.56300712	12255577.7368888	9311830.4172844	1952760.9731883	444620.90682012	0.37554133	3719414
"Georgia"	2015	1029800.28457772	12291145.832192	9319313.2361612	1955568.3625684	452247.64958652	0.36503676	3725276
"Georgia"	2016	1031807.41612065	12286161.389909	9330859.744727	1956458.1586035	459056.871207125	0.3663965	3727505
"Georgia"	2017	1032782.928135	12275772.883416	9338238.8211588	1956453.40495668	463654.668395016	0.37939596	3728004
"Georgia"	2018	1032825.05483778	12309113.6934885	9322551.8635518	1955436.9012837	468728.61258312	0.36411363	3726549
"Georgia"	2019	1031472.37414872	12363260.1574252	9281977.6586153	1951832.3188074	473808.18692708	0.35900706	3720161
"Germany"	1991	20946688.2078545	254283457.365715	476521317.377872	60010982.097272	30551525.078275	0.29492873	80013896
"Germany"	1992	21102706.4678994	255647950.258574	484940106.429018	60447625.5850745	30986101.0323387	0.2907326	80624598
"Germany"	1993	21237078.226203	256838642.159167	492059598.980933	60831689.2426426	31438773.9120276	0.28612086	81156363
"Germany"	1994	21305219.7791707	257222900.000478	496528060.427388	61034230.5113136	31694856.2848458	0.29159415	81438348
"Germany"	1995	21362342.0954252	257691637.207368	499310536.854074	61210405.3745457	31901247.9474671	0.28811273	81678051
"Germany"	1996	21415826.523013	258043718.172742	500909109.650169	61388470.1162141	32125170.0174687	0.27993777	81914831
"Germany"	1997	21433807.0660441	258394458.862567	501202508.118585	61480885.2946561	32172973.1952201	0.28246725	82034771
"Germany"	1998	21421062.174429	258417896.551875	500447464.847023	61493338.857843	32126992.8754198	0.2827037	82047195
"Germany"	1999	21418802.3532931	258765754.383937	499752742.196345	61535999.9090283	32145523.397203	0.29047978	82100243
"Germany"	2000	21434973.5962368	259624213.561976	499455981.9095	61623099.1862424	32214201.2368632	0.2888814	82211508
"Germany"	2001	21444422.8045425	263012097.417352	499546174.0395	61741971.558645	32411456.4163425	0.29949388	82349925
"Germany"	2002	21431151.9366062	269397336.327061	499876773.938963	61877358.717534	32692409.5090155	0.29810533	82488495
"Germany"	2003	21386635.3423296	276352127.970883	499818452.329037	61949335.4172576	32961640.8554496	0.2980293	82534176
"Germany"	2004	21334236.580521	282064506.3954	499470591.71496	61967718.492321	33147191.7478122	0.30192587	82516260
"Germany"	2005	21299266.2862203	284445563.816235	499010926.80292	61947434.1396008	33302490.2576248	0.31704092	82469422
"Germany"	2006	21272962.2549298	284706400.829288	499469016.52575	61879575.4127604	33365364.7773687	0.3104196	82376451
"Germany"	2007	21246619.1709078	285401845.98374	501516337.398451	61798583.3807632	33408830.2475646	0.3117709	82266372
"Germany"	2008	21211338.7800179	286422516.502578	503931013.91422	61682976.9766116	33453074.0224781	0.30800265	82110097
"Germany"	2009	21164448.8639463	286752311.294434	505655531.125694	61530205.6246638	33405532.4501743	0.30479428	81902307
"Germany"	2010	21139722.3921096	286556691.146259	506544458.89846	61442417.606981	33502146.9780732	0.30218413	81776930
"Germany"	2011	20759222.9887762	281193407.681088	498111198.398956	60308250.6983964	33077573.2580936	0.30610505	80274983
"Germany"	2012	20805742.1958204	281761053.607307	500071280.120285	60388895.3739835	33312772.3859074	0.3105579	80425823
"Germany"	2013	20871372.898178	282256214.255469	502339747.729053	60501784.49189	33602255.0398804	0.31453598	80645605
"Germany"	2014	20970251.55105	283504702.148	504955632.37225	60693160.6465	33861015.937525	0.30847794	80982500
"Germany"	2015	21169420.1557551	286063571.004004	509302900.715273	61167176.1091686	34312297.577328	0.31653914	81686611
"Germany"	2016	21449748.1471211	287283493.632255	512491226.523871	61620361.8957408	34793086.7299886	0.3141309	82348669
"Germany"	2017	21640801.650129	286105144.500708	513337707.075713	61805996.2696812	35033692.5402284	0.31314865	82657002
"Germany"	2018	21747164.9068276	284001416.735257	514554545.299701	61953298.8597239	35213926.6402801	0.31872115	82905782
"Germany"	2019	21828208.6878629	280587840.451717	515853156.57549	62062291.1944278	35365458.1305799	0.31780925	83092962
"Ghana"	1991	3345766.85241498	68991207.2395623	46894098.0116154	8617361.31424665	1468787.9912202	0.38434562	15843471
"Ghana"	1998	3978307.31230908	81560175.925932	55248881.6136996	10178758.0673276	1778912.532909	0.4007123	18714708
"Ghana"	2005	4797296.39992857	98728949.317148	66503515.8132924	12236114.145851	2218949.19197683	0.42760354	22496951
"Ghana"	2012	5728011.85374516	116778467.312093	80206172.25964	14609185.4257149	2859653.89423067	0.42372206	26858762
"Ghana"	2016	6357740.57611392	128627951.666174	88843810.888663	16075572.5154202	3375315.37575372	0.43512443	29554303
"Greece"	1995	2878079.80351164	51888957.3217862	58839208.884127	9570308.00210779	4231950.5170936	0.3696663	10562153
"Greece"	2000	2952696.7612272	64295594.957568	60209011.264896	9784947.01072512	4464395.8024224	0.34236935	10805808
"Greece"	2003	2982084.8536521	62357534.4726	60592192.18866	9892575.263115	4708068.272838	0.32759297	10928070
"Greece"	2004	2987857.61102806	61427914.2013866	60678013.9851687	9916609.40860304	4783348.91150332	0.33588123	10955141
"Greece"	2005	2996020.2321543	61123556.1791478	60908310.3029622	9945366.1374834	4831023.84908598	0.34596738	10987314
"Greece"	2006	3005763.5111787	61248997.6785774	61256674.4627466	9975117.36210546	4857016.2666582	0.35121885	11020362
"Greece"	2007	3015071.9344877	61414981.138005	61633746.4276415	10000790.0573631	4872159.15905136	0.33950907	11048473
"Greece"	2008	3025026.04187	61592800.3911364	62048793.129083	10027784.6372351	4870251.60406946	0.33587772	11077841
"Greece"	2009	3034557.88874496	61766935.6813461	62471639.25684	10054888.1541495	4874728.36897359	0.33615103	11107017
"Greece"	2010	3038983.1655029	61768892.1342647	62798371.3158186	10068961.865193	4869909.5527467	0.3409893	11121341
"Greece"	2011	3033483.50540976	60667390.2724305	62972953.8671337	10055795.8711821	4847205.1267575	0.3484217	11104899
"Greece"	2012	3015045.78590877	58151629.474648	62957545.705979	10004136.8948677	4801583.2735157	0.362504	11045011
"Greece"	2013	2990682.3507308	55145307.118265	62848504.9109025	9934727.8832475	4742186.53530793	0.36127293	10965211
"Greece"	2014	2968372.0704862	52599462.377	62764193.5663981	9871367.46393105	4685885.35599534	0.35804707	10892413
"Greece"	2015	2947058.28729945	51298629.2917512	62648540.933268	9808991.60757111	4649230.90329348	0.35996962	10820883
"Greece"	2016	2931048.81012118	51330189.1399914	62526197.7911975	9769996.3912515	4639075.45104635	0.34956136	10775971
"Greece"	2017	2922219.00444474	51809887.4437404	62387419.673124	9751617.62164824	4639236.2010189	0.34350377	10754679
"Greece"	2018	2917657.44625134	52675417.855228	62198956.276555	9732648.2346212	4626213.4476476	0.32890075	10732882
"Greece"	2019	2918700.45777612	54060903.2724492	61960465.1793366	9723072.81272186	4608610.15917186	0.33101925	10721582
"Grenada"	2018	33921.87157154	391467.6505326	521537.366959	111877.7922352	27043.5097183	0.4381641	121838
"Guatemala"	1998	2880520.3809285	45567967.626365	45205651.774365	8848932.06836695	1867967.20509695	0.493976	11046215
"Guatemala"	2000	3027213.58545964	48881980.8258787	47504418.3564904	9287292.720696	1976885.69995414	0.54173213	11589761
"Guatemala"	2006	3460351.785722	55209514.398935	54609298.883685	10591550.310731	2309771.7423794	0.54568464	13213330
"Guatemala"	2014	4026774.28660616	56816233.757252	64952099.391786	12259866.2526248	2764705.92957372	0.4827621	15306316
